0 0.14357682619647355 0.1125 0.022670025188916875 0.021410579345088162
0 0.26448362720403024 0.2839285714285714 0.021410579345088162 0.020151133501259445
0 0.35516372795969775 0.19285714285714287 0.018891687657430732 0.017632241813602016
0 0.4439546599496222 0.28125 0.01952141057934509 0.015743073047858942
0 0.3243073047858942 0.4089285714285714 0.023299748110831235 0.022670025188916875
0 0.473551637279597 0.4473214285714286 0.028967254408060455 0.025818639798488665
0 0.6863979848866498 0.49642857142857144 0.02644836272040302 0.022670025188916875
0 0.8054156171284634 0.5348214285714286 0.01952141057934509 0.018261964735516372
0 0.8671284634760705 0.4107142857142857 0.02204030226700252 0.02392947103274559
0 0.5957178841309824 0.3678571428571429 0.020151133501259445 0.021410579345088162
0 0.6876574307304786 0.2830357142857143 0.022670025188916875 0.01952141057934509
0 0.8054156171284634 0.28214285714285714 0.018261964735516372 0.017632241813602016
0 0.1756926952141058 0.6241071428571429 0.018261964735516372 0.01700251889168766
0 0.14546599496221663 0.79375 0.01952141057934509 0.015743073047858942
0 0.29534005037783373 0.7526785714285714 0.018261964735516372 0.01700251889168766
0 0.41435768261964734 0.7089285714285715 0.0163727959697733 0.017632241813602016
0 0.5056675062972292 0.6258928571428571 0.01952141057934509 0.01952141057934509
0 0.6542821158690176 0.7080357142857143 0.01700251889168766 0.01700251889168766
0 0.8652392947103275 0.7928571428571428 0.018891687657430732 0.020151133501259445
0 0.5642317380352645 0.15535714285714286 0.020151133501259445 0.018891687657430732
0 0.7153652392947103 0.06875 0.021410579345088162 0.020780856423173802
