0 0.15125 0.07666666666666666 0.0225 0.02
0 0.845 0.40166666666666667 0.0225 0.02
0 0.7025 0.30666666666666664 0.0225 0.02
0 0.88 0.21333333333333335 0.0225 0.02
0 0.845 0.7733333333333333 0.0225 0.02
0 0.63375 0.725 0.0225 0.02
0 0.4975 0.59 0.0225 0.02
0 0.3575 0.5883333333333334 0.0225 0.02
0 0.49375 0.26166666666666666 0.0225 0.02
0 0.638125 0.17 0.024375 0.0225
0 0.31875 0.2625 0.02125 0.019375
0 0.73625 0.5391666666666667 0.02125 0.019375
0 0.425625 0.3975 0.021875 0.023125
0 0.564375 0.4041666666666667 0.021875 0.023125
0 0.354375 0.7725 0.021875 0.023125
0 0.110625 0.8191666666666667 0.021875 0.023125
0 0.216875 0.7241666666666666 0.021875 0.023125
