0 0.1297229219143577 0.5535714285714286 0.07052896725440806 0.07857142857142857
0 0.3136020151133501 0.6035714285714285 0.07052896725440806 0.07857142857142857
0 0.23929471032745592 0.7625 0.07052896725440806 0.07857142857142857
0 0.12594458438287154 0.2875 0.07052896725440806 0.07857142857142857
0 0.2770780856423174 0.29375 0.05793450881612091 0.07678571428571429
0 0.5371536523929471 0.13125 0.05415617128463476 0.07321428571428572
0 0.7953400503778337 0.81875 0.05415617128463476 0.07321428571428572
0 0.6127204030226701 0.2883928571428571 0.05415617128463476 0.07321428571428572
0 0.6139798488664987 0.6616071428571428 0.05415617128463476 0.07321428571428572
0 0.4275818639798489 0.7633928571428571 0.05415617128463476 0.07321428571428572
0 0.5006297229219143 0.3964285714285714 0.05163727959697733 0.075
