0 0.14375 0.23166666666666666 0.01875 0.02
0 0.178125 0.3625 0.020625 0.019375
0 0.08 0.5383333333333333 0.02 0.02125
0 0.8375 0.5366666666666666 0.02 0.02125
0 0.8025 0.7583333333333333 0.02 0.02125
0 0.6725 0.6233333333333333 0.02 0.02125
0 0.57125 0.7133333333333334 0.02 0.02125
0 0.3425 0.6683333333333333 0.02 0.02125
0 0.2125 0.7116666666666667 0.02 0.02125
0 0.44 0.09333333333333334 0.02 0.02125
0 0.27625 0.18833333333333332 0.02 0.02125
0 0.605 0.49666666666666665 0.02 0.02125
0 0.309375 0.49416666666666664 0.021875 0.023125
0 0.408125 0.32083333333333336 0.021875 0.023125
0 0.77 0.27166666666666667 0.0225 0.02125
0 0.4425 0.8 0.0225 0.02125
0 0.73375 0.45 0.0225 0.02125
0 0.47125 0.58 0.0225 0.02125
0 0.54125 0.36666666666666664 0.0225 0.02125
0 0.63875 0.27166666666666667 0.0225 0.02125
