0 0.054375 0.63 0.05625 0.06666666666666667
0 0.345 0.1 0.05 0.056666666666666664
0 0.490625 0.09666666666666666 0.05625 0.06666666666666667
0 0.706875 0.3433333333333333 0.05625 0.06666666666666667
0 0.815625 0.44 0.05625 0.06666666666666667
0 0.778125 0.7216666666666667 0.05625 0.06666666666666667
0 0.451875 0.58 0.05625 0.06666666666666667
0 0.196875 0.7766666666666666 0.05625 0.06666666666666667
0 0.413125 0.24166666666666667 0.05625 0.06666666666666667
0 0.203125 0.2941666666666667 0.04875 0.06833333333333333
0 0.598125 0.4375 0.04875 0.06833333333333333
0 0.31 0.3441666666666667 0.0525 0.06833333333333333
0 0.8125 0.24416666666666667 0.0525 0.06833333333333333
0 0.595 0.6758333333333333 0.0525 0.06833333333333333
0 0.38 0.7258333333333333 0.0525 0.06833333333333333
0 0.27 0.6325 0.0525 0.06833333333333333
0 0.635625 0.19333333333333333 0.05375 0.06666666666666667
