0 0.2025 0.2683333333333333 0.035 0.0375
0 0.329375 0.10333333333333333 0.029375 0.0325
0 0.326875 0.1 0.029375 0.0325
0 0.781875 0.8233333333333334 0.029375 0.0325
0 0.410625 0.7083333333333334 0.029375 0.0325
0 0.821875 0.37666666666666665 0.029375 0.0325
0 0.533125 0.2683333333333333 0.029375 0.0325
0 0.365625 0.33166666666666667 0.029375 0.0325
0 0.28625 0.5991666666666666 0.03 0.026875
0 0.7 0.26416666666666666 0.03375 0.033125
0 0.57125 0.7675 0.03 0.026875
0 0.57625 0.4891666666666667 0.02625 0.029375
