0 0.25 0.16 0.02375 0.02625
0 0.84375 0.8033333333333333 0.02375 0.02625
0 0.69625 0.6533333333333333 0.02375 0.02625
0 0.62125 0.505 0.02375 0.02625
0 0.5825 0.7533333333333333 0.02375 0.02625
0 0.3225 0.705 0.02375 0.02625
0 0.17875 0.7533333333333333 0.02375 0.02625
0 0.139375 0.35833333333333334 0.020625 0.0225
0 0.29 0.5016666666666667 0.0225 0.025
0 0.3975 0.30833333333333335 0.0225 0.025
0 0.659375 0.26 0.023125 0.02
0 0.474375 0.6033333333333334 0.023125 0.02
0 0.770625 0.4583333333333333 0.023125 0.02
0 0.546875 0.36 0.023125 0.02
0 0.806875 0.26 0.023125 0.02
