0 0.22292191435768263 0.16517857142857142 0.037783375314861464 0.055357142857142855
0 0.6801007556675063 0.6705357142857142 0.037783375314861464 0.055357142857142855
0 0.12342569269521411 0.8116071428571429 0.037783375314861464 0.055357142857142855
0 0.482367758186398 0.6276785714285714 0.037783375314861464 0.055357142857142855
0 0.38413098236775817 0.7651785714285714 0.037783375314861464 0.055357142857142855
0 0.12216624685138538 0.34910714285714284 0.037783375314861464 0.055357142857142855
0 0.5793450881612091 0.39375 0.037783375314861464 0.055357142857142855
0 0.5806045340050378 0.2080357142857143 0.037783375314861464 0.055357142857142855
0 0.681360201511335 0.11517857142857142 0.037783375314861464 0.055357142857142855
0 0.058564231738035266 0.20982142857142858 0.03904282115869018 0.05892857142857143
0 0.7764483627204031 0.8098214285714286 0.03904282115869018 0.05892857142857143
0 0.5850125944584383 0.7616071428571428 0.03904282115869018 0.05892857142857143
0 0.3520151133501259 0.5794642857142858 0.03904282115869018 0.05892857142857143
0 0.15680100755667506 0.5758928571428571 0.03904282115869018 0.05892857142857143
0 0.25566750629722923 0.39553571428571427 0.037783375314861464 0.05178571428571429
0 0.7770780856423174 0.5330357142857143 0.037783375314861464 0.05178571428571429
0 0.7115869017632241 0.34732142857142856 0.037783375314861464 0.05178571428571429
