0 0.076875 0.21916666666666668 0.04625 0.065
0 0.719375 0.43083333333333335 0.04625 0.065
0 0.620625 0.3475 0.04625 0.065
0 0.586875 0.17583333333333334 0.04625 0.065
0 0.430625 0.6008333333333333 0.04625 0.065
0 0.331875 0.6875 0.04625 0.065
0 0.138125 0.6475 0.04625 0.065
0 0.235625 0.5591666666666667 0.04625 0.065
0 0.073125 0.43083333333333335 0.04625 0.065
0 0.201875 0.3475 0.04625 0.065
0 0.269375 0.21833333333333332 0.04875 0.06666666666666667
0 0.71625 0.2625 0.045 0.065
0 0.8125 0.6891666666666667 0.045 0.065
0 0.81125 0.5175 0.045 0.065
0 0.6825 0.7708333333333334 0.045 0.065
0 0.52 0.6908333333333333 0.045 0.065
0 0.42625 0.38916666666666666 0.045 0.065
0 0.49125 0.2658333333333333 0.045 0.065
0 0.525625 0.43583333333333335 0.05125 0.06166666666666667
0 0.296875 0.43583333333333335 0.05125 0.06166666666666667
0 0.366875 0.2625 0.05125 0.06166666666666667
