0 0.7298488664987406 0.6642857142857143 0.03904282115869018 0.060714285714285714
0 0.7651133501259446 0.3053571428571429 0.03904282115869018 0.060714285714285714
0 0.6202770780856424 0.3535714285714286 0.03904282115869018 0.060714285714285714
0 0.6202770780856424 0.14821428571428572 0.03904282115869018 0.060714285714285714
0 0.40365239294710326 0.7660714285714286 0.03904282115869018 0.060714285714285714
0 0.510705289672544 0.6142857142857143 0.03904282115869018 0.060714285714285714
0 0.11146095717884132 0.8214285714285714 0.03904282115869018 0.060714285714285714
0 0.11146095717884132 0.30178571428571427 0.03904282115869018 0.060714285714285714
0 0.22103274559193956 0.09642857142857143 0.03904282115869018 0.060714285714285714
0 0.25629722921914355 0.35535714285714287 0.03904282115869018 0.05357142857142857
0 0.8406801007556675 0.5071428571428571 0.03904282115869018 0.05357142857142857
0 0.14798488664987405 0.5607142857142857 0.04659949622166247 0.060714285714285714
0 0.6227959697732998 0.7660714285714286 0.04659949622166247 0.060714285714285714
0 0.3646095717884131 0.5607142857142857 0.04659949622166247 0.060714285714285714
