0 0.10579345088161209 0.2830357142857143 0.020151133501259445 0.01952141057934509
0 0.41183879093198994 0.76875 0.020151133501259445 0.01952141057934509
0 0.7531486146095718 0.6616071428571428 0.020151133501259445 0.01952141057934509
0 0.5239294710327456 0.60625 0.020151133501259445 0.01952141057934509
0 0.6397984886649875 0.33839285714285716 0.020151133501259445 0.01952141057934509
0 0.6385390428211587 0.11875 0.020151133501259445 0.01952141057934509
0 0.10579345088161209 0.8223214285714285 0.020151133501259445 0.01952141057934509
0 0.258816120906801 0.3357142857142857 0.020780856423173802 0.018891687657430732
0 0.8658690176322418 0.4982142857142857 0.020780856423173802 0.018891687657430732
0 0.792191435768262 0.2839285714285714 0.021410579345088162 0.020151133501259445
0 0.3734256926952141 0.5553571428571429 0.02455919395465995 0.021410579345088162
0 0.14546599496221663 0.5544642857142857 0.023299748110831235 0.02204030226700252
0 0.639168765743073 0.7669642857142858 0.023299748110831235 0.02204030226700252
