0 0.16624685138539042 0.17410714285714285 0.018891687657430732 0.020780856423173802
0 0.47858942065491183 0.43839285714285714 0.02392947103274559 0.02455919395465995
0 0.5724181360201511 0.34732142857142856 0.02455919395465995 0.025818639798488665
0 0.510705289672544 0.21160714285714285 0.02455919395465995 0.025818639798488665
0 0.6693954659949622 0.1669642857142857 0.02455919395465995 0.025818639798488665
0 0.7915617128463476 0.30625 0.02455919395465995 0.025818639798488665
0 0.8557934508816121 0.43839285714285714 0.02455919395465995 0.025818639798488665
0 0.697103274559194 0.4830357142857143 0.02455919395465995 0.025818639798488665
0 0.7336272040302267 0.7901785714285714 0.02455919395465995 0.025818639798488665
0 0.5761964735516373 0.6616071428571428 0.02455919395465995 0.025818639798488665
0 0.4162468513853904 0.7526785714285714 0.02455919395465995 0.025818639798488665
0 0.07241813602015114 0.8366071428571429 0.02455919395465995 0.025818639798488665
0 0.26385390428211586 0.7508928571428571 0.023299748110831235 0.025818639798488665
0 0.41750629722921917 0.12589285714285714 0.023299748110831235 0.025818639798488665
0 0.1681360201511335 0.34910714285714284 0.023299748110831235 0.025818639798488665
0 0.16435768261964737 0.5758928571428571 0.023299748110831235 0.025818639798488665
0 0.3230478589420655 0.6098214285714286 0.023299748110831235 0.025818639798488665
0 0.29345088161209065 0.34732142857142856 0.022670025188916875 0.02455919395465995
