0 0.165625 0.2725 0.024375 0.025625
0 0.589375 0.42583333333333334 0.024375 0.025625
0 0.78 0.7341666666666666 0.02875 0.025625
0 0.1625 0.7808333333333334 0.02875 0.025625
0 0.43125 0.5791666666666667 0.02875 0.025625
0 0.395 0.22083333333333333 0.02875 0.025625
0 0.70375 0.3175 0.02875 0.025625
0 0.8225 0.4191666666666667 0.02875 0.025625
0 0.241875 0.6308333333333334 0.028125 0.025625
0 0.355625 0.7325 0.028125 0.025625
0 0.58625 0.6816666666666666 0.03375 0.02875
0 0.2825 0.32083333333333336 0.03125 0.026875
0 0.816875 0.21583333333333332 0.028125 0.025625
0 0.62625 0.17 0.025 0.025
