0 0.074375 0.20583333333333334 0.05125 0.065
0 0.344375 0.6991666666666667 0.05125 0.065
0 0.138125 0.6491666666666667 0.05125 0.065
0 0.239375 0.5608333333333333 0.05125 0.065
0 0.443125 0.6058333333333333 0.05125 0.065
0 0.744375 0.4241666666666667 0.05125 0.065
0 0.644375 0.33416666666666667 0.05125 0.065
0 0.609375 0.1625 0.05125 0.065
0 0.206875 0.3375 0.05125 0.065
0 0.075625 0.42583333333333334 0.05125 0.065
0 0.70875 0.78 0.06 0.08
0 0.74375 0.24166666666666667 0.06 0.08
0 0.51 0.24833333333333332 0.06 0.08
0 0.44 0.38 0.06 0.08
0 0.84375 0.52 0.06 0.08
0 0.84625 0.695 0.06 0.08
0 0.5425 0.6983333333333334 0.06 0.08
0 0.31125 0.4275 0.0525 0.06166666666666667
0 0.37375 0.25083333333333335 0.0525 0.06166666666666667
0 0.274375 0.2 0.05375 0.07
