0 0.07 0.7983333333333333 0.06 0.07333333333333333
0 0.2775 0.7433333333333333 0.06 0.07333333333333333
0 0.5725 0.295 0.06 0.07333333333333333
0 0.40375 0.18333333333333332 0.06 0.07333333333333333
0 0.151875 0.6308333333333334 0.05875 0.075
0 0.4475 0.69 0.06 0.07333333333333333
0 0.81875 0.7433333333333333 0.06 0.07333333333333333
0 0.73875 0.295 0.06 0.07333333333333333
0 0.69875 0.57 0.06 0.07333333333333333
0 0.3675 0.41333333333333333 0.06 0.07333333333333333
0 0.234375 0.1825 0.05375 0.07166666666666667
0 0.531875 0.5208333333333334 0.05375 0.07166666666666667
