0 0.12375 0.7916666666666666 0.0625 0.08333333333333333
0 0.52125 0.685 0.0625 0.08333333333333333
0 0.83625 0.7933333333333333 0.0625 0.08333333333333333
0 0.67375 0.635 0.0625 0.08333333333333333
0 0.6375 0.265 0.0625 0.08333333333333333
0 0.48125 0.32166666666666666 0.0625 0.08333333333333333
0 0.40125 0.17 0.0625 0.08333333333333333
0 0.401875 0.48083333333333333 0.06125 0.075
0 0.754375 0.36916666666666664 0.06125 0.075
0 0.284375 0.6875 0.06125 0.075
0 0.12875 0.26916666666666667 0.0625 0.08166666666666667
0 0.55875 0.4825 0.0625 0.08166666666666667
