0 0.29282115869017633 0.2741071428571429 0.02455919395465995 0.023299748110831235
0 0.15491183879093198 0.2732142857142857 0.022670025188916875 0.02392947103274559
0 0.43136020151133503 0.1767857142857143 0.020780856423173802 0.02392947103274559
0 0.7449622166246851 0.7625 0.020780856423173802 0.02392947103274559
0 0.32682619647355166 0.5696428571428571 0.020780856423173802 0.02392947103274559
0 0.46788413098236775 0.5642857142857143 0.020780856423173802 0.02392947103274559
0 0.7789672544080605 0.36964285714285716 0.020780856423173802 0.02392947103274559
0 0.8469773299748111 0.22142857142857142 0.020780856423173802 0.02392947103274559
0 0.674433249370277 0.225 0.020780856423173802 0.02392947103274559
0 0.5358942065491183 0.2714285714285714 0.020780856423173802 0.02392947103274559
0 0.4332493702770781 0.36875 0.02518891687657431 0.023299748110831235
0 0.12090680100755667 0.5705357142857143 0.02518891687657431 0.023299748110831235
0 0.2594458438287154 0.7133928571428572 0.02518891687657431 0.023299748110831235
0 0.6410579345088161 0.41517857142857145 0.02518891687657431 0.023299748110831235
0 0.6070528967254408 0.6178571428571429 0.030226700251889168 0.030226700251889168
