0 0.21914357682619648 0.10446428571428572 0.02518891687657431 0.023299748110831235
0 0.06926952141057935 0.6830357142857143 0.02518891687657431 0.023299748110831235
0 0.552896725440806 0.79375 0.02518891687657431 0.023299748110831235
0 0.7770780856423174 0.41875 0.02518891687657431 0.023299748110831235
0 0.739294710327456 0.21160714285714285 0.02518891687657431 0.023299748110831235
0 0.29345088161209065 0.26160714285714287 0.02518891687657431 0.023299748110831235
0 0.14231738035264482 0.26339285714285715 0.02518891687657431 0.023299748110831235
0 0.21788413098236775 0.4205357142857143 0.02518891687657431 0.023299748110831235
0 0.06801007556675064 0.4232142857142857 0.030226700251889168 0.02518891687657431
0 0.6649874055415617 0.6267857142857143 0.030226700251889168 0.02518891687657431
0 0.21788413098236775 0.6839285714285714 0.030226700251889168 0.02518891687657431
0 0.36838790931989923 0.4232142857142857 0.025818639798488665 0.02644836272040302
0 0.4804785894206549 0.21339285714285713 0.020780856423173802 0.020780856423173802
