0 0.289375 0.3433333333333333 0.026875 0.025
0 0.620625 0.465 0.026875 0.025
0 0.195625 0.14416666666666667 0.021875 0.021875
0 0.285625 0.7525 0.021875 0.021875
0 0.163125 0.6258333333333334 0.021875 0.021875
0 0.561875 0.7908333333333334 0.021875 0.021875
0 0.500625 0.5858333333333333 0.021875 0.021875
0 0.771875 0.7091666666666666 0.021875 0.021875
0 0.860625 0.5875 0.021875 0.021875
0 0.801875 0.46416666666666667 0.021875 0.021875
0 0.709375 0.3858333333333333 0.021875 0.021875
0 0.470625 0.30916666666666665 0.021875 0.021875
0 0.865625 0.18416666666666667 0.021875 0.021875
0 0.530625 0.18083333333333335 0.021875 0.021875
0 0.408125 0.17916666666666667 0.021875 0.021875
0 0.380625 0.385 0.024375 0.02375
0 0.803125 0.305 0.024375 0.02375
0 0.623125 0.675 0.024375 0.02375
0 0.436875 0.705 0.024375 0.02375
0 0.164375 0.7916666666666666 0.024375 0.02375
0 0.346875 0.625 0.024375 0.02375
0 0.6525 0.2608333333333333 0.02125 0.021875
0 0.8975 0.8291666666666667 0.02625 0.024375
