0 0.14546599496221663 0.5589285714285714 0.0491183879093199 0.06785714285714285
0 0.24496221662468515 0.7571428571428571 0.0491183879093199 0.06785714285714285
0 0.3167506297229219 0.6071428571428571 0.0491183879093199 0.06785714285714285
0 0.14168765743073047 0.3125 0.0491183879093199 0.06785714285714285
0 0.422544080604534 0.7580357142857143 0.04408060453400504 0.0625
0 0.5270780856423174 0.16160714285714287 0.04408060453400504 0.0625
0 0.595088161209068 0.3151785714285714 0.04408060453400504 0.0625
0 0.6996221662468514 0.12053571428571429 0.04408060453400504 0.0625
0 0.8419395465994962 0.26875 0.04408060453400504 0.0625
0 0.7361460957178841 0.45982142857142855 0.04408060453400504 0.0625
0 0.7701511335012594 0.8116071428571429 0.04408060453400504 0.0625
0 0.595088161209068 0.6580357142857143 0.04408060453400504 0.0625
0 0.2840050377833753 0.3151785714285714 0.05163727959697733 0.07321428571428572
0 0.49433249370277077 0.4125 0.04408060453400504 0.060714285714285714
