0 0.261875 0.17166666666666666 0.019375 0.0175
0 0.860625 0.5483333333333333 0.019375 0.0175
0 0.614375 0.5016666666666667 0.019375 0.0175
0 0.684375 0.6416666666666667 0.019375 0.0175
0 0.580625 0.7366666666666667 0.019375 0.0175
0 0.333125 0.6883333333333334 0.019375 0.0175
0 0.190625 0.7366666666666667 0.019375 0.0175
0 0.438125 0.08 0.019375 0.0175
0 0.825625 0.7833333333333333 0.019375 0.0175
0 0.121875 0.22166666666666668 0.020625 0.02125
0 0.158125 0.36 0.023125 0.0225
0 0.296875 0.5 0.021875 0.01875
0 0.403125 0.31166666666666665 0.021875 0.01875
0 0.7925 0.265 0.025 0.02125
0 0.475 0.5916666666666667 0.025 0.02125
0 0.7525 0.455 0.025 0.02125
0 0.545 0.36 0.025 0.02125
0 0.65 0.265 0.025 0.02125
