0 0.364375 0.15583333333333332 0.025625 0.026875
0 0.326875 0.4058333333333333 0.025625 0.026875
0 0.248125 0.205 0.023125 0.0225
0 0.479375 0.7116666666666667 0.023125 0.0225
0 0.134375 0.5083333333333333 0.023125 0.0225
0 0.136875 0.31 0.023125 0.0225
0 0.746875 0.4083333333333333 0.023125 0.0225
0 0.859375 0.30666666666666664 0.023125 0.0225
0 0.743125 0.20833333333333334 0.023125 0.0225
0 0.056875 0.6616666666666666 0.026875 0.025
0 0.626875 0.7116666666666667 0.026875 0.025
0 0.554375 0.5583333333333333 0.026875 0.025
0 0.245625 0.6633333333333333 0.026875 0.025
