0 0.07304785894206549 0.18214285714285713 0.0163727959697733 0.015113350125944584
0 0.21221662468513855 0.30089285714285713 0.015743073047858942 0.014483627204030227
0 0.21221662468513855 0.14375 0.014483627204030227 0.014483627204030227
0 0.3224181360201511 0.3 0.015113350125944584 0.015113350125944584
0 0.4061712846347607 0.22232142857142856 0.015743073047858942 0.01700251889168766
0 0.5982367758186398 0.18392857142857144 0.0163727959697733 0.013853904282115869
0 0.7367758186397985 0.10535714285714286 0.017632241813602016 0.0163727959697733
0 0.3790931989924433 0.41964285714285715 0.015113350125944584 0.015113350125944584
0 0.48740554156171284 0.30178571428571427 0.013853904282115869 0.013853904282115869
0 0.6234256926952141 0.375 0.02392947103274559 0.020151133501259445
0 0.7096977329974811 0.3026785714285714 0.01700251889168766 0.015743073047858942
0 0.8192695214105793 0.30089285714285713 0.015743073047858942 0.014483627204030227
0 0.8740554156171285 0.41964285714285715 0.015113350125944584 0.015113350125944584
0 0.7090680100755667 0.4955357142857143 0.018891687657430732 0.01700251889168766
0 0.8198992443324937 0.5366071428571428 0.013853904282115869 0.015743073047858942
0 0.241183879093199 0.45714285714285713 0.015743073047858942 0.015113350125944584
0 0.07367758186397985 0.6910714285714286 0.015743073047858942 0.015113350125944584
0 0.24055415617128464 0.6116071428571429 0.017632241813602016 0.015743073047858942
0 0.21221662468513855 0.7696428571428572 0.018261964735516372 0.015113350125944584
0 0.3513853904282116 0.7321428571428571 0.013853904282115869 0.0163727959697733
0 0.4596977329974811 0.6946428571428571 0.0163727959697733 0.0163727959697733
0 0.5428211586901763 0.6133928571428572 0.015113350125944584 0.014483627204030227
0 0.5157430730478589 0.4544642857142857 0.01700251889168766 0.01700251889168766
0 0.681360201511335 0.6892857142857143 0.02392947103274559 0.021410579345088162
0 0.5711586901763224 0.8089285714285714 0.01952141057934509 0.018891687657430732
0 0.8740554156171285 0.7678571428571429 0.017632241813602016 0.017632241813602016
