0 0.13125 0.7941666666666667 0.0575 0.06833333333333333
0 0.7825 0.7341666666666666 0.0575 0.06833333333333333
0 0.82375 0.4075 0.0575 0.06833333333333333
0 0.7 0.30416666666666664 0.0575 0.06833333333333333
0 0.4125 0.5775 0.0575 0.06833333333333333
0 0.37375 0.1925 0.0575 0.06833333333333333
0 0.255625 0.30666666666666664 0.06625 0.07666666666666666
0 0.823125 0.2 0.06625 0.07666666666666666
0 0.578125 0.685 0.06625 0.07666666666666666
0 0.333125 0.735 0.06625 0.07666666666666666
0 0.62375 0.14 0.0675 0.09333333333333334
0 0.579375 0.41 0.05625 0.07
