0 0.08312342569269521 0.25089285714285714 0.020151133501259445 0.01700251889168766
0 0.5976070528967254 0.175 0.023299748110831235 0.020151133501259445
0 0.18702770780856423 0.21607142857142858 0.023299748110831235 0.017632241813602016
0 0.8803526448362721 0.8008928571428572 0.020151133501259445 0.018261964735516372
0 0.05793450881612091 0.3991071428571429 0.021410579345088162 0.01700251889168766
0 0.8816120906801007 0.47410714285714284 0.021410579345088162 0.01700251889168766
0 0.8803526448362721 0.32767857142857143 0.021410579345088162 0.01700251889168766
0 0.7783375314861462 0.21517857142857144 0.021410579345088162 0.01700251889168766
0 0.6763224181360201 0.32767857142857143 0.021410579345088162 0.01700251889168766
0 0.7002518891687658 0.4758928571428571 0.021410579345088162 0.01700251889168766
0 0.8803526448362721 0.6223214285714286 0.021410579345088162 0.01700251889168766
0 0.570528967254408 0.8008928571428572 0.021410579345088162 0.01700251889168766
0 0.47103274559193953 0.4758928571428571 0.021410579345088162 0.01700251889168766
0 0.42065491183879095 0.36160714285714285 0.021410579345088162 0.01700251889168766
0 0.4659949622166247 0.22232142857142856 0.021410579345088162 0.01700251889168766
0 0.2858942065491184 0.10803571428571429 0.021410579345088162 0.01700251889168766
0 0.21158690176322417 0.73125 0.021410579345088162 0.01700251889168766
0 0.2619647355163728 0.6205357142857143 0.021410579345088162 0.01700251889168766
0 0.10957178841309824 0.61875 0.021410579345088162 0.01700251889168766
0 0.13224181360201512 0.47410714285714284 0.021410579345088162 0.01700251889168766
0 0.8035264483627204 0.3991071428571429 0.018891687657430732 0.01952141057934509
0 0.3136020151133501 0.29196428571428573 0.018891687657430732 0.01952141057934509
0 0.2871536523929471 0.4758928571428571 0.018891687657430732 0.01952141057934509
0 0.36712846347607053 0.8 0.02204030226700252 0.021410579345088162
0 0.7021410579345088 0.06964285714285715 0.02204030226700252 0.021410579345088162
0 0.5724181360201511 0.4017857142857143 0.02204030226700252 0.021410579345088162
0 0.8003778337531486 0.5464285714285714 0.02204030226700252 0.021410579345088162
0 0.7008816120906801 0.6910714285714286 0.02204030226700252 0.021410579345088162
0 0.5711586901763224 0.5803571428571429 0.02204030226700252 0.021410579345088162
0 0.4452141057934509 0.6910714285714286 0.02204030226700252 0.021410579345088162
