0 0.2506297229219144 0.2125 0.02518891687657431 0.02518891687657431
0 0.2884130982367758 0.5446428571428571 0.02644836272040302 0.028967254408060455
0 0.7581863979848866 0.7660714285714286 0.02644836272040302 0.028967254408060455
0 0.7997481108312342 0.3267857142857143 0.02644836272040302 0.028967254408060455
0 0.681360201511335 0.15535714285714286 0.02644836272040302 0.028967254408060455
0 0.5239294710327456 0.20892857142857144 0.02644836272040302 0.028967254408060455
0 0.40554156171284633 0.10178571428571428 0.02644836272040302 0.028967254408060455
0 0.44962216624685136 0.5410714285714285 0.02644836272040302 0.028967254408060455
0 0.4068010075566751 0.3196428571428571 0.027707808564231738 0.02518891687657431
0 0.21032745591939547 0.7125 0.027707808564231738 0.02518891687657431
0 0.6435768261964736 0.37857142857142856 0.027707808564231738 0.02518891687657431
0 0.6026448362720404 0.6017857142857143 0.025818639798488665 0.027707808564231738
