0 0.44 0.08916666666666667 0.02125 0.018125
0 0.61 0.4975 0.02125 0.018125
0 0.81375 0.7691666666666667 0.02125 0.018125
0 0.84875 0.5441666666666667 0.02125 0.018125
0 0.68 0.6341666666666667 0.02125 0.018125
0 0.57375 0.7258333333333333 0.02125 0.018125
0 0.33875 0.6775 0.02125 0.018125
0 0.2025 0.7258333333333333 0.02125 0.018125
0 0.26875 0.17916666666666667 0.02125 0.018125
0 0.134375 0.22916666666666666 0.021875 0.020625
0 0.16875 0.35833333333333334 0.02125 0.02
0 0.301875 0.495 0.025625 0.02125
0 0.4075 0.32 0.0225 0.02
0 0.440625 0.8125 0.024375 0.021875
0 0.74625 0.45 0.02375 0.02125
0 0.7775 0.27 0.02375 0.02125
0 0.6425 0.27 0.02375 0.02125
0 0.54125 0.35833333333333334 0.02375 0.02125
0 0.475 0.59 0.02375 0.02125
