0 0.2084382871536524 0.13660714285714284 0.04408060453400504 0.05892857142857143
0 0.5232997481108312 0.7794642857142857 0.04408060453400504 0.05892857142857143
0 0.06612090680100756 0.68125 0.04408060453400504 0.05892857142857143
0 0.7311083123425692 0.43125 0.04408060453400504 0.05892857142857143
0 0.697103274559194 0.23660714285714285 0.04408060453400504 0.05892857142857143
0 0.2777078085642317 0.28482142857142856 0.04408060453400504 0.05892857142857143
0 0.20717884130982367 0.4330357142857143 0.04408060453400504 0.05892857142857143
0 0.13790931989924432 0.2830357142857143 0.04408060453400504 0.05892857142857143
0 0.06675062972292191 0.43392857142857144 0.04534005037783375 0.05357142857142857
0 0.8022670025188917 0.6321428571428571 0.04534005037783375 0.05357142857142857
0 0.8740554156171285 0.38392857142857145 0.04534005037783375 0.05357142857142857
0 0.6272040302267002 0.6303571428571428 0.04534005037783375 0.05357142857142857
0 0.20654911838790932 0.6803571428571429 0.04534005037783375 0.05357142857142857
0 0.34886649874055414 0.43392857142857144 0.04030226700251889 0.05714285714285714
0 0.4540302267002519 0.2357142857142857 0.041561712846347604 0.05714285714285714
