0 0.0787153652392947 0.22053571428571428 0.03400503778337532 0.05178571428571429
0 0.8683879093198993 0.45267857142857143 0.03400503778337532 0.05178571428571429
0 0.802896725440806 0.5919642857142857 0.03400503778337532 0.05178571428571429
0 0.6051637279596978 0.21875 0.03400503778337532 0.05178571428571429
0 0.7688916876574308 0.31339285714285714 0.03400503778337532 0.05178571428571429
0 0.7046599496221663 0.45267857142857143 0.03400503778337532 0.05178571428571429
0 0.1769521410579345 0.6366071428571428 0.03400503778337532 0.05178571428571429
0 0.4074307304785894 0.12946428571428573 0.03400503778337532 0.05178571428571429
0 0.2096977329974811 0.21875 0.03400503778337532 0.05178571428571429
0 0.14483627204030228 0.4035714285714286 0.04534005037783375 0.060714285714285714
0 0.8702770780856424 0.21607142857142858 0.04534005037783375 0.060714285714285714
0 0.5717884130982368 0.5946428571428571 0.04534005037783375 0.060714285714285714
0 0.30730478589420657 0.7321428571428571 0.04534005037783375 0.060714285714285714
0 0.27455919395465994 0.45 0.04534005037783375 0.060714285714285714
0 0.37594458438287154 0.31339285714285714 0.041561712846347604 0.05178571428571429
0 0.44017632241813603 0.49910714285714286 0.041561712846347604 0.05178571428571429
0 0.5730478589420654 0.40535714285714286 0.04030226700251889 0.05357142857142857
