0 0.07619647355163728 0.7392857142857143 0.018261964735516372 0.017632241813602016
0 0.8142317380352645 0.6410714285714286 0.018261964735516372 0.017632241813602016
0 0.5787153652392947 0.5946428571428571 0.018261964735516372 0.017632241813602016
0 0.7802267002518891 0.16785714285714284 0.018261964735516372 0.017632241813602016
0 0.5799748110831234 0.2625 0.018261964735516372 0.017632241813602016
0 0.679471032745592 0.36160714285714285 0.023299748110831235 0.023299748110831235
0 0.7462216624685138 0.5035714285714286 0.018261964735516372 0.017632241813602016
0 0.14168765743073047 0.40535714285714286 0.018261964735516372 0.017632241813602016
0 0.1769521410579345 0.6446428571428572 0.018261964735516372 0.017632241813602016
0 0.2084382871536524 0.2625 0.023299748110831235 0.020151133501259445
0 0.40994962216624686 0.6892857142857143 0.023299748110831235 0.020151133501259445
0 0.47670025188916876 0.4982142857142857 0.023299748110831235 0.020151133501259445
0 0.4792191435768262 0.2125 0.023299748110831235 0.020151133501259445
0 0.34445843828715367 0.07142857142857142 0.023299748110831235 0.020151133501259445
0 0.37720403022670024 0.35892857142857143 0.01700251889168766 0.0163727959697733
0 0.24244332493702772 0.45357142857142857 0.01700251889168766 0.0163727959697733
0 0.3438287153652393 0.5026785714285714 0.018891687657430732 0.018261964735516372
