0 0.205625 0.615 0.028125 0.02375
0 0.088125 0.15083333333333335 0.028125 0.026875
0 0.824375 0.7208333333333333 0.028125 0.026875
0 0.476875 0.6691666666666667 0.028125 0.026875
0 0.706875 0.5641666666666667 0.028125 0.026875
0 0.748125 0.30083333333333334 0.028125 0.026875
0 0.399375 0.4075 0.028125 0.026875
0 0.238125 0.4075 0.028125 0.026875
0 0.1275 0.7708333333333334 0.02875 0.025625
0 0.435 0.19416666666666665 0.02875 0.025625
0 0.59375 0.2975 0.02875 0.025625
0 0.31625 0.7175 0.02875 0.025625
0 0.281875 0.2 0.026875 0.02375
0 0.558125 0.5133333333333333 0.026875 0.02375
