0 0.31297229219143574 0.7723214285714286 0.041561712846347604 0.05892857142857143
0 0.6114609571788413 0.6169642857142857 0.041561712846347604 0.05892857142857143
0 0.2777078085642317 0.45803571428571427 0.041561712846347604 0.05892857142857143
0 0.13287153652392947 0.40982142857142856 0.041561712846347604 0.05892857142857143
0 0.1668765743073048 0.6714285714285714 0.04408060453400504 0.05714285714285714
0 0.8318639798488665 0.30178571428571427 0.04408060453400504 0.05714285714285714
0 0.7562972292191436 0.4607142857142857 0.04408060453400504 0.05714285714285714
0 0.6467254408060453 0.2 0.04408060453400504 0.05714285714285714
0 0.6102015113350125 0.40714285714285714 0.04408060453400504 0.05714285714285714
0 0.4263224181360202 0.09285714285714286 0.04408060453400504 0.05714285714285714
0 0.2084382871536524 0.20357142857142857 0.04408060453400504 0.05714285714285714
0 0.3885390428211587 0.30178571428571427 0.04408060453400504 0.060714285714285714
0 0.4628463476070529 0.5142857142857142 0.04408060453400504 0.060714285714285714
