0 0.14105793450881612 0.18214285714285713 0.0327455919395466 0.04285714285714286
0 0.792191435768262 0.6821428571428572 0.0327455919395466 0.04285714285714286
0 0.6045340050377834 0.6839285714285714 0.0327455919395466 0.04285714285714286
0 0.3589420654911839 0.7607142857142857 0.0327455919395466 0.04285714285714286
0 0.43954659949622166 0.6464285714285715 0.0327455919395466 0.04285714285714286
0 0.7959697732997482 0.2982142857142857 0.0327455919395466 0.04285714285714286
0 0.6826196473551638 0.2982142857142857 0.0327455919395466 0.04285714285714286
0 0.8740554156171285 0.18392857142857144 0.0327455919395466 0.04285714285714286
0 0.6032745591939547 0.22142857142857142 0.0327455919395466 0.04285714285714286
0 0.5214105793450882 0.2982142857142857 0.0327455919395466 0.04285714285714286
0 0.1385390428211587 0.4142857142857143 0.0327455919395466 0.04285714285714286
0 0.14105793450881612 0.7982142857142858 0.0327455919395466 0.04285714285714286
0 0.22292191435768263 0.26071428571428573 0.0327455919395466 0.04285714285714286
0 0.3306045340050378 0.06517857142857143 0.03904282115869018 0.048214285714285716
0 0.6832493702770781 0.7991071428571429 0.03904282115869018 0.048214285714285716
0 0.5207808564231738 0.7616071428571428 0.03904282115869018 0.048214285714285716
0 0.3306045340050378 0.60625 0.03904282115869018 0.048214285714285716
0 0.16561712846347607 0.6080357142857142 0.03904282115869018 0.048214285714285716
0 0.05982367758186398 0.6080357142857142 0.03904282115869018 0.048214285714285716
0 0.08879093198992444 0.29910714285714285 0.03904282115869018 0.048214285714285716
0 0.25 0.45357142857142857 0.03400503778337532 0.04642857142857143
0 0.6845088161209067 0.5678571428571428 0.03400503778337532 0.04642857142857143
0 0.44143576826196473 0.4125 0.03400503778337532 0.04642857142857143
0 0.8211586901763224 0.45089285714285715 0.03526448362720403 0.048214285714285716
0 0.5214105793450882 0.45357142857142857 0.0327455919395466 0.04642857142857143
0 0.6303526448362721 0.41517857142857145 0.036523929471032744 0.044642857142857144
