0 0.06486146095717885 0.6660714285714285 0.03400503778337532 0.04642857142857143
0 0.8671284634760705 0.7767857142857143 0.03400503778337532 0.04642857142857143
0 0.7109571788413098 0.775 0.03400503778337532 0.04642857142857143
0 0.8394206549118388 0.5196428571428572 0.03400503778337532 0.04642857142857143
0 0.5560453400503779 0.48214285714285715 0.03400503778337532 0.04642857142857143
0 0.5308564231738035 0.3375 0.03400503778337532 0.04642857142857143
0 0.7877833753148614 0.3375 0.03400503778337532 0.04642857142857143
0 0.7374055415617129 0.225 0.03400503778337532 0.04642857142857143
0 0.7122166246851386 0.08035714285714286 0.03400503778337532 0.04642857142857143
0 0.5308564231738035 0.11607142857142858 0.03400503778337532 0.04642857142857143
0 0.24622166246851385 0.8142857142857143 0.03400503778337532 0.04642857142857143
0 0.3998740554156171 0.7392857142857143 0.03400503778337532 0.04642857142857143
0 0.3230478589420655 0.6660714285714285 0.03400503778337532 0.04642857142857143
0 0.21851385390428213 0.3767857142857143 0.03400503778337532 0.04642857142857143
0 0.1681360201511335 0.2642857142857143 0.03400503778337532 0.04642857142857143
0 0.11649874055415617 0.37142857142857144 0.03400503778337532 0.04642857142857143
0 0.1668765743073048 0.48392857142857143 0.03400503778337532 0.04642857142857143
0 0.039672544080604534 0.8125 0.03400503778337532 0.04285714285714286
0 0.27141057934508817 0.48214285714285715 0.04408060453400504 0.05714285714285714
0 0.6076826196473551 0.26071428571428573 0.03400503778337532 0.04285714285714286
0 0.45151133501259444 0.30357142857142855 0.03400503778337532 0.04285714285714286
0 0.16939546599496222 0.6642857142857143 0.03904282115869018 0.05
0 0.6580604534005038 0.44821428571428573 0.03904282115869018 0.05
0 0.6089420654911839 0.6303571428571428 0.03904282115869018 0.05
0 0.47795969773299746 0.6321428571428571 0.03904282115869018 0.05
0 0.27141057934508817 0.25892857142857145 0.03904282115869018 0.05
0 0.06360201511335013 0.2625 0.03904282115869018 0.05
0 0.06486146095717885 0.48392857142857143 0.03904282115869018 0.05
0 0.34760705289672544 0.33303571428571427 0.030226700251889168 0.04107142857142857
0 0.40113350125944586 0.15357142857142858 0.036523929471032744 0.05357142857142857
0 0.7915617128463476 0.6267857142857143 0.031486146095717885 0.04642857142857143
