0 0.058564231738035266 0.4758928571428571 0.04408060453400504 0.05892857142857143
0 0.6756926952141058 0.48125 0.04408060453400504 0.05892857142857143
0 0.8746851385390428 0.6383928571428571 0.04408060453400504 0.05892857142857143
0 0.8746851385390428 0.47946428571428573 0.04408060453400504 0.05892857142857143
0 0.8746851385390428 0.3151785714285714 0.04408060453400504 0.05892857142857143
0 0.7613350125944585 0.20089285714285715 0.04408060453400504 0.05892857142857143
0 0.6467254408060453 0.3169642857142857 0.04408060453400504 0.05892857142857143
0 0.13916876574307305 0.7580357142857143 0.04408060453400504 0.05892857142857143
0 0.42128463476070527 0.47946428571428573 0.04408060453400504 0.05892857142857143
0 0.3646095717884131 0.3580357142857143 0.04408060453400504 0.05892857142857143
0 0.42002518891687657 0.19732142857142856 0.04408060453400504 0.05892857142857143
0 0.22732997481108314 0.08125 0.04408060453400504 0.05892857142857143
0 0.19458438287153654 0.6419642857142858 0.04408060453400504 0.05892857142857143
0 0.2260705289672544 0.4767857142857143 0.0491183879093199 0.060714285714285714
0 0.7903022670025189 0.4 0.0491183879093199 0.060714285714285714
0 0.25 0.28035714285714286 0.0491183879093199 0.060714285714285714
0 0.3110831234256927 0.8330357142857143 0.05289672544080604 0.06607142857142857
0 0.5340050377833753 0.40267857142857144 0.05289672544080604 0.06607142857142857
0 0.7896725440806045 0.5580357142857143 0.05289672544080604 0.06607142857142857
0 0.6763224181360201 0.7133928571428572 0.05289672544080604 0.06607142857142857
0 0.5365239294710328 0.6008928571428571 0.05289672544080604 0.06607142857142857
0 0.3916876574307305 0.7205357142857143 0.05289672544080604 0.06607142857142857
0 0.5648614609571788 0.15892857142857142 0.04659949622166247 0.06428571428571428
0 0.11146095717884132 0.1982142857142857 0.04408060453400504 0.05714285714285714
