0 0.20214105793450882 0.24017857142857144 0.02455919395465995 0.020780856423173802
0 0.12090680100755667 0.40982142857142856 0.021410579345088162 0.020780856423173802
0 0.836272040302267 0.5223214285714286 0.021410579345088162 0.020780856423173802
0 0.6397984886649875 0.63125 0.021410579345088162 0.020780856423173802
0 0.15994962216624686 0.6901785714285714 0.021410579345088162 0.020780856423173802
0 0.6385390428211587 0.24017857142857144 0.021410579345088162 0.020780856423173802
0 0.4389168765743073 0.74375 0.02455919395465995 0.020780856423173802
0 0.5195214105793451 0.5205357142857143 0.02455919395465995 0.020780856423173802
0 0.3973551637279597 0.35267857142857145 0.020780856423173802 0.01952141057934509
0 0.3602015113350126 0.5214285714285715 0.022670025188916875 0.021410579345088162
