0 0.18702770780856423 0.2017857142857143 0.018261964735516372 0.017632241813602016
0 0.8243073047858942 0.8035714285714286 0.018261964735516372 0.017632241813602016
0 0.06486146095717885 0.6732142857142858 0.018261964735516372 0.017632241813602016
0 0.4615869017632242 0.7607142857142857 0.018261964735516372 0.017632241813602016
0 0.369647355163728 0.675 0.018261964735516372 0.017632241813602016
0 0.6127204030226701 0.2875 0.018261964735516372 0.017632241813602016
0 0.6416876574307305 0.4589285714285714 0.018261964735516372 0.017632241813602016
0 0.1857682619647355 0.4589285714285714 0.018261964735516372 0.017632241813602016
0 0.1253148614609572 0.32857142857142857 0.018261964735516372 0.017632241813602016
0 0.24748110831234257 0.32857142857142857 0.018261964735516372 0.017632241813602016
0 0.0654911838790932 0.4589285714285714 0.020151133501259445 0.018891687657430732
0 0.7632241813602015 0.4160714285714286 0.020151133501259445 0.018891687657430732
0 0.7027707808564232 0.6321428571428571 0.020151133501259445 0.018891687657430732
0 0.552896725440806 0.6357142857142857 0.020151133501259445 0.018891687657430732
0 0.30856423173803527 0.2017857142857143 0.020151133501259445 0.018891687657430732
0 0.18765743073047858 0.675 0.020151133501259445 0.018891687657430732
0 0.46032745591939545 0.07053571428571428 0.020780856423173802 0.01952141057934509
0 0.30982367758186397 0.45982142857142855 0.017632241813602016 0.018261964735516372
0 0.7034005037783375 0.2 0.01700251889168766 0.0163727959697733
0 0.06486146095717885 0.2017857142857143 0.01952141057934509 0.017632241813602016
0 0.3998740554156171 0.2857142857142857 0.018261964735516372 0.021410579345088162
