0 0.153125 0.2658333333333333 0.021875 0.023125
0 0.593125 0.5358333333333334 0.021875 0.023125
0 0.288125 0.3525 0.024375 0.023125
0 0.0825 0.8033333333333333 0.02375 0.02375
0 0.6975 0.07666666666666666 0.02375 0.02375
0 0.5275 0.12333333333333334 0.02375 0.02375
0 0.56125 0.35333333333333333 0.02375 0.02375
0 0.38875 0.21833333333333332 0.02375 0.02375
0 0.83375 0.265 0.02375 0.02375
0 0.4225 0.40166666666666667 0.02375 0.02375
0 0.79625 0.44166666666666665 0.02375 0.02375
0 0.4575 0.72 0.02375 0.02375
0 0.765 0.8058333333333333 0.0275 0.026875
0 0.11625 0.6216666666666667 0.02375 0.02375
0 0.29125 0.76 0.0225 0.025
0 0.69625 0.3525 0.03 0.028125
0 0.5975 0.765 0.0225 0.025
0 0.35875 0.62 0.0225 0.025
0 0.6275 0.21166666666666667 0.0225 0.025
