0 0.09697732997481108 0.24910714285714286 0.020151133501259445 0.01952141057934509
0 0.42317380352644834 0.7705357142857143 0.020151133501259445 0.01952141057934509
0 0.7909319899244333 0.6544642857142857 0.020151133501259445 0.01952141057934509
0 0.5478589420654912 0.5955357142857143 0.020151133501259445 0.01952141057934509
0 0.6687657430730478 0.30625 0.020151133501259445 0.01952141057934509
0 0.1385390428211587 0.5383928571428571 0.02392947103274559 0.023299748110831235
0 0.6687657430730478 0.7705357142857143 0.02392947103274559 0.023299748110831235
0 0.38287153652392947 0.5366071428571428 0.02392947103274559 0.023299748110831235
0 0.2607052896725441 0.3053571428571429 0.022670025188916875 0.022670025188916875
0 0.8324937027707808 0.24821428571428572 0.022670025188916875 0.02518891687657431
