0 0.5906169665809768 0.7435661764705882 0.02377892030848329 0.02249357326478149
0 0.788560411311054 0.39981617647058826 0.02377892030848329 0.02249357326478149
0 0.2268637532133676 0.7435661764705882 0.02377892030848329 0.02249357326478149
0 0.30912596401028275 0.5744485294117647 0.02377892030848329 0.02249357326478149
0 0.6291773778920309 0.11856617647058823 0.02377892030848329 0.02249357326478149
0 0.10668380462724936 0.17738970588235295 0.02313624678663239 0.021208226221079693
0 0.22879177377892032 0.29411764705882354 0.02442159383033419 0.02313624678663239
0 0.4665809768637532 0.5183823529411765 0.02442159383033419 0.02313624678663239
0 0.10668380462724936 0.5753676470588235 0.02442159383033419 0.02313624678663239
0 0.42802056555269924 0.2922794117647059 0.021850899742930592 0.021850899742930592
0 0.6690231362467867 0.5193014705882353 0.027634961439588688 0.030205655526992288
