0 0.06423173803526448 0.6660714285714285 0.0327455919395466 0.04285714285714286
0 0.6952141057934509 0.08928571428571429 0.0327455919395466 0.04285714285714286
0 0.8211586901763224 0.5232142857142857 0.0327455919395466 0.04285714285714286
0 0.7720403022670025 0.3410714285714286 0.0327455919395466 0.04285714285714286
0 0.7216624685138538 0.23392857142857143 0.0327455919395466 0.04285714285714286
0 0.517632241813602 0.3410714285714286 0.0327455919395466 0.04285714285714286
0 0.8463476070528967 0.7714285714285715 0.0327455919395466 0.04285714285714286
0 0.6964735516372796 0.7732142857142857 0.0327455919395466 0.04285714285714286
0 0.5214105793450882 0.12678571428571428 0.0327455919395466 0.04285714285714286
0 0.5453400503778337 0.48392857142857143 0.0327455919395466 0.04285714285714286
0 0.3929471032745592 0.7357142857142858 0.0327455919395466 0.04285714285714286
0 0.24055415617128464 0.8089285714285714 0.0327455919395466 0.04285714285714286
0 0.31738035264483627 0.6660714285714285 0.0327455919395466 0.04285714285714286
0 0.2141057934508816 0.3767857142857143 0.0327455919395466 0.04285714285714286
0 0.163727959697733 0.2714285714285714 0.0327455919395466 0.04285714285714286
0 0.11335012594458438 0.37857142857142856 0.0327455919395466 0.04285714285714286
0 0.16498740554156172 0.48392857142857143 0.0327455919395466 0.04285714285714286
0 0.06486146095717885 0.4830357142857143 0.03400503778337532 0.044642857142857144
0 0.595088161209068 0.63125 0.03400503778337532 0.044642857142857144
0 0.5195214105793451 0.7723214285714286 0.03400503778337532 0.044642857142857144
0 0.46788413098236775 0.6276785714285714 0.03400503778337532 0.044642857142857144
0 0.16435768261964737 0.6669642857142857 0.03400503778337532 0.044642857142857144
0 0.2663727959697733 0.26875 0.03400503778337532 0.044642857142857144
0 0.06486146095717885 0.27053571428571427 0.03400503778337532 0.044642857142857144
0 0.6467254408060453 0.45267857142857143 0.03400503778337532 0.044642857142857144
0 0.4433249370277078 0.30357142857142855 0.027707808564231738 0.04642857142857143
0 0.03904282115869018 0.8071428571428572 0.027707808564231738 0.04642857142857143
0 0.5944584382871536 0.26964285714285713 0.027707808564231738 0.04642857142857143
0 0.2663727959697733 0.48392857142857143 0.04408060453400504 0.060714285714285714
0 0.39420654911838793 0.16160714285714287 0.04030226700251889 0.055357142857142855
0 0.3419395465994962 0.3419642857142857 0.03400503778337532 0.044642857142857144
0 0.7739294710327456 0.6303571428571428 0.036523929471032744 0.04642857142857143
