0 0.12720403022670027 0.48928571428571427 0.022670025188916875 0.022670025188916875
0 0.7682619647355163 0.4 0.022670025188916875 0.022670025188916875
0 0.1574307304785894 0.26964285714285713 0.022670025188916875 0.022670025188916875
0 0.5125944584382871 0.12232142857142857 0.022670025188916875 0.02204030226700252
0 0.34886649874055414 0.16964285714285715 0.02392947103274559 0.021410579345088162
0 0.8627204030226701 0.6732142857142858 0.02392947103274559 0.021410579345088162
0 0.6385390428211587 0.48928571428571427 0.02392947103274559 0.021410579345088162
0 0.8664987405541562 0.48928571428571427 0.02392947103274559 0.021410579345088162
0 0.8664987405541562 0.30892857142857144 0.02392947103274559 0.021410579345088162
0 0.7367758186397985 0.16964285714285715 0.02392947103274559 0.021410579345088162
0 0.6070528967254408 0.30357142857142855 0.02392947103274559 0.021410579345088162
0 0.34886649874055414 0.49107142857142855 0.02392947103274559 0.021410579345088162
0 0.2871536523929471 0.3535714285714286 0.02392947103274559 0.021410579345088162
0 0.47858942065491183 0.3964285714285714 0.02518891687657431 0.021410579345088162
0 0.7682619647355163 0.5803571428571429 0.02518891687657431 0.021410579345088162
0 0.6372795969773299 0.7589285714285714 0.02518891687657431 0.021410579345088162
0 0.4811083123425693 0.625 0.02518891687657431 0.021410579345088162
0 0.31863979848866497 0.7625 0.02518891687657431 0.021410579345088162
