0 0.14483627204030228 0.2125 0.015113350125944584 0.013853904282115869
0 0.7657430730478589 0.6892857142857143 0.015113350125944584 0.013853904282115869
0 0.5831234256926953 0.6857142857142857 0.015113350125944584 0.013853904282115869
0 0.3507556675062972 0.7580357142857143 0.02204030226700252 0.020780856423173802
0 0.14609571788413098 0.7982142857142858 0.015113350125944584 0.013853904282115869
0 0.42947103274559195 0.6517857142857143 0.015113350125944584 0.013853904282115869
0 0.7644836272040302 0.32321428571428573 0.015113350125944584 0.013853904282115869
0 0.6612090680100756 0.32142857142857145 0.015113350125944584 0.013853904282115869
0 0.8400503778337531 0.21428571428571427 0.015113350125944584 0.013853904282115869
0 0.7141057934508817 0.2125 0.015113350125944584 0.013853904282115869
0 0.5843828715365239 0.24821428571428572 0.015113350125944584 0.013853904282115869
0 0.5062972292191436 0.3196428571428571 0.015113350125944584 0.013853904282115869
0 0.6347607052896725 0.06607142857142857 0.015113350125944584 0.013853904282115869
0 0.14483627204030228 0.4303571428571429 0.015113350125944584 0.013853904282115869
0 0.327455919395466 0.1 0.017632241813602016 0.015113350125944584
0 0.6612090680100756 0.7928571428571428 0.017632241813602016 0.015113350125944584
0 0.4282115869017632 0.8321428571428572 0.017632241813602016 0.015113350125944584
0 0.5062972292191436 0.7571428571428571 0.017632241813602016 0.015113350125944584
0 0.3249370277078086 0.6125 0.017632241813602016 0.015113350125944584
0 0.06926952141057935 0.6107142857142858 0.017632241813602016 0.015113350125944584
0 0.172544080604534 0.6107142857142858 0.017632241813602016 0.015113350125944584
0 0.09445843828715365 0.3196428571428571 0.017632241813602016 0.015113350125944584
0 0.2512594458438287 0.4660714285714286 0.015743073047858942 0.013853904282115869
0 0.6618387909319899 0.5767857142857142 0.015743073047858942 0.013853904282115869
0 0.4288413098236776 0.43214285714285716 0.015743073047858942 0.013853904282115869
0 0.22481108312342568 0.2875 0.020780856423173802 0.017632241813602016
0 0.7890428211586902 0.4669642857142857 0.01700251889168766 0.015743073047858942
0 0.5075566750629723 0.4669642857142857 0.0163727959697733 0.01700251889168766
0 0.6083123425692695 0.43214285714285716 0.017632241813602016 0.0163727959697733
