0 0.245625 0.11916666666666667 0.019375 0.021875
0 0.336875 0.3983333333333333 0.021875 0.0225
0 0.1525 0.8008333333333333 0.02125 0.019375
0 0.8125 0.3175 0.02125 0.019375
0 0.455 0.4375 0.02125 0.019375
0 0.57375 0.39916666666666667 0.02125 0.019375
0 0.78625 0.48083333333333333 0.02125 0.019375
0 0.545 0.1925 0.02125 0.019375
0 0.42375 0.2775 0.02125 0.019375
0 0.48375 0.7208333333333333 0.02125 0.019375
0 0.27375 0.5591666666666667 0.02125 0.019375
0 0.185 0.6375 0.02125 0.019375
0 0.755 0.7975 0.02625 0.025625
0 0.695 0.1575 0.02125 0.019375
0 0.214375 0.32083333333333336 0.021875 0.019375
0 0.605625 0.5641666666666667 0.021875 0.019375
0 0.063125 0.2425 0.021875 0.019375
0 0.395 0.6441666666666667 0.025 0.021875
0 0.69375 0.39416666666666667 0.025 0.021875
0 0.635 0.2775 0.025 0.021875
0 0.1225 0.3591666666666667 0.025 0.021875
0 0.6025 0.7558333333333334 0.025 0.021875
0 0.3375 0.7608333333333334 0.025 0.021875
