0 0.30125 0.6016666666666667 0.03 0.02625
0 0.57875 0.76 0.03 0.02625
0 0.69625 0.29 0.03 0.02625
0 0.61875 0.12666666666666668 0.03 0.02625
0 0.22375 0.28833333333333333 0.02625 0.02625
0 0.541875 0.29083333333333333 0.023125 0.023125
0 0.776875 0.8191666666666667 0.023125 0.023125
0 0.424375 0.7125 0.023125 0.023125
0 0.816875 0.3925 0.023125 0.023125
0 0.380625 0.33916666666666667 0.023125 0.023125
0 0.858125 0.17916666666666667 0.023125 0.023125
0 0.341875 0.12916666666666668 0.023125 0.023125
0 0.579375 0.5 0.021875 0.0225
