0 0.4433249370277078 0.07946428571428571 0.028967254408060455 0.028337531486146095
0 0.2575566750629723 0.13303571428571428 0.023299748110831235 0.023299748110831235
0 0.8494962216624685 0.2883928571428571 0.023299748110831235 0.023299748110831235
0 0.7008816120906801 0.13125 0.023299748110831235 0.023299748110831235
0 0.5900503778337531 0.5008928571428571 0.023299748110831235 0.023299748110831235
0 0.5535264483627204 0.2883928571428571 0.023299748110831235 0.023299748110831235
0 0.25503778337531485 0.5044642857142857 0.023299748110831235 0.023299748110831235
0 0.18324937027707808 0.34375 0.023299748110831235 0.023299748110831235
0 0.404911838790932 0.39285714285714285 0.028337531486146095 0.02392947103274559
0 0.7374055415617129 0.6071428571428571 0.028337531486146095 0.02392947103274559
0 0.40239294710327456 0.6571428571428571 0.028337531486146095 0.02392947103274559
0 0.21851385390428213 0.8178571428571428 0.028337531486146095 0.02392947103274559
0 0.739294710327456 0.39464285714285713 0.02392947103274559 0.022670025188916875
