0 0.61125 0.42083333333333334 0.025 0.025625
0 0.673125 0.21333333333333335 0.026875 0.0275
0 0.484375 0.4266666666666667 0.018125 0.0225
0 0.420625 0.7533333333333333 0.018125 0.0225
0 0.298125 0.7116666666666667 0.018125 0.0225
0 0.203125 0.7933333333333333 0.018125 0.0225
0 0.1425 0.2125 0.02 0.021875
0 0.2375 0.13166666666666665 0.01625 0.01625
0 0.735 0.34 0.01625 0.01625
0 0.86 0.42333333333333334 0.01625 0.01625
0 0.85875 0.7566666666666667 0.01625 0.01625
0 0.6725 0.715 0.01625 0.01625
0 0.89125 0.25666666666666665 0.01625 0.01625
0 0.5475 0.29833333333333334 0.01625 0.01625
0 0.4525 0.17166666666666666 0.01625 0.01625
0 0.42 0.59 0.01625 0.01625
0 0.5475 0.59 0.01625 0.01625
0 0.33 0.425 0.01875 0.01875
0 0.39125 0.3 0.01875 0.01875
0 0.76625 0.5466666666666666 0.01875 0.01875
