0 0.08690176322418136 0.8321428571428572 0.04534005037783375 0.06785714285714285
0 0.5629722921914357 0.36607142857142855 0.04534005037783375 0.06785714285714285
0 0.5100755667506297 0.23392857142857143 0.04534005037783375 0.06785714285714285
0 0.6561712846347607 0.19464285714285715 0.04534005037783375 0.06785714285714285
0 0.7758186397984886 0.325 0.04534005037783375 0.06785714285714285
0 0.8992443324937027 0.31607142857142856 0.04534005037783375 0.06785714285714285
0 0.836272040302267 0.44821428571428573 0.04534005037783375 0.06785714285714285
0 0.6838790931989924 0.4875 0.04534005037783375 0.06785714285714285
0 0.7153652392947103 0.7839285714285714 0.04534005037783375 0.06785714285714285
0 0.5680100755667506 0.6589285714285714 0.04534005037783375 0.06785714285714285
0 0.41435768261964734 0.7446428571428572 0.04534005037783375 0.06785714285714285
0 0.08312342569269521 0.45357142857142857 0.04534005037783375 0.06785714285714285
0 0.47670025188916876 0.45089285714285715 0.0491183879093199 0.07678571428571429
0 0.26259445843828716 0.15446428571428572 0.0491183879093199 0.07678571428571429
0 0.17443324937027707 0.19910714285714284 0.0491183879093199 0.07678571428571429
0 0.1769521410579345 0.36339285714285713 0.05163727959697733 0.06964285714285715
0 0.3243073047858942 0.6151785714285715 0.05163727959697733 0.06964285714285715
0 0.2663727959697733 0.74375 0.05163727959697733 0.06964285714285715
0 0.17443324937027707 0.5723214285714285 0.05163727959697733 0.06964285714285715
0 0.41246851385390426 0.14910714285714285 0.05163727959697733 0.06964285714285715
0 0.2959697732997481 0.36160714285714285 0.04534005037783375 0.05892857142857143
