0 0.134375 0.22416666666666665 0.04875 0.065
0 0.806875 0.6091666666666666 0.04875 0.065
0 0.808125 0.3475 0.04875 0.065
0 0.743125 0.21583333333333332 0.04875 0.065
0 0.708125 0.4741666666666667 0.04875 0.065
0 0.708125 0.7308333333333333 0.04875 0.065
0 0.420625 0.6458333333333334 0.04875 0.065
0 0.069375 0.6891666666666667 0.04875 0.065
0 0.131875 0.5158333333333334 0.04875 0.065
0 0.194375 0.35083333333333333 0.04875 0.065
0 0.065625 0.35083333333333333 0.04875 0.065
0 0.259375 0.21833333333333332 0.04625 0.06
0 0.388125 0.25833333333333336 0.06625 0.08
0 0.646875 0.30333333333333334 0.06625 0.08
0 0.545625 0.7766666666666666 0.06625 0.08
0 0.195625 0.69 0.06625 0.08
0 0.294375 0.4866666666666667 0.06625 0.08
0 0.546875 0.17333333333333334 0.06625 0.08
0 0.48625 0.31 0.05 0.06333333333333334
0 0.42375 0.435 0.05 0.07
0 0.58125 0.525 0.05 0.07
