0 0.0725 0.7025 0.025 0.024375
0 0.83375 0.6091666666666666 0.025 0.024375
0 0.73375 0.4791666666666667 0.025 0.024375
0 0.20375 0.3458333333333333 0.025 0.024375
0 0.76375 0.21083333333333334 0.025 0.024375
0 0.73625 0.7408333333333333 0.025 0.024375
0 0.43375 0.6558333333333334 0.025 0.024375
0 0.1325 0.21083333333333334 0.025 0.024375
0 0.07 0.3458333333333333 0.025 0.024375
0 0.1375 0.5191666666666667 0.025 0.024375
0 0.20125 0.6983333333333334 0.02625 0.0275
0 0.57 0.7866666666666666 0.02625 0.0275
0 0.66875 0.3016666666666667 0.02625 0.0275
0 0.56625 0.16666666666666666 0.02625 0.0275
0 0.4 0.26166666666666666 0.02625 0.0275
0 0.3 0.485 0.02625 0.0275
0 0.603125 0.525 0.024375 0.025
0 0.428125 0.43833333333333335 0.024375 0.025
0 0.269375 0.215 0.020625 0.02
0 0.501875 0.30416666666666664 0.025625 0.026875
