0 0.6325 0.06833333333333333 0.0475 0.05333333333333334
0 0.44125 0.785 0.0475 0.05333333333333334
0 0.47125 0.5733333333333334 0.0475 0.05333333333333334
0 0.53625 0.36333333333333334 0.0475 0.05333333333333334
0 0.7225 0.44666666666666666 0.0475 0.05333333333333334
0 0.75875 0.28 0.0475 0.05333333333333334
0 0.63 0.2816666666666667 0.0475 0.05333333333333334
0 0.883125 0.15333333333333332 0.04125 0.056666666666666664
0 0.443125 0.11 0.03625 0.04666666666666667
0 0.569375 0.6983333333333334 0.03625 0.04666666666666667
0 0.790625 0.7416666666666667 0.03625 0.04666666666666667
0 0.820625 0.5316666666666666 0.03625 0.04666666666666667
0 0.664375 0.6166666666666667 0.03625 0.04666666666666667
0 0.601875 0.49 0.03625 0.04666666666666667
0 0.221875 0.7 0.03625 0.04666666666666667
0 0.345625 0.6566666666666666 0.03625 0.04666666666666667
0 0.094375 0.53 0.03625 0.04666666666666667
0 0.284375 0.19833333333333333 0.03625 0.04666666666666667
0 0.19125 0.365 0.0425 0.04666666666666667
0 0.15875 0.2375 0.0375 0.051666666666666666
0 0.409375 0.31916666666666665 0.04375 0.055
0 0.439375 0.4475 0.04375 0.055
0 0.315625 0.4891666666666667 0.04375 0.055
