0 0.120625 0.21916666666666668 0.021875 0.020625
0 0.158125 0.35833333333333334 0.023125 0.02
0 0.441875 0.08166666666666667 0.021875 0.02125
0 0.580625 0.7366666666666667 0.021875 0.02125
0 0.828125 0.7833333333333333 0.021875 0.02125
0 0.684375 0.64 0.021875 0.02125
0 0.860625 0.5483333333333333 0.021875 0.02125
0 0.614375 0.5 0.021875 0.02125
0 0.330625 0.6866666666666666 0.021875 0.02125
0 0.193125 0.7316666666666667 0.021875 0.02125
0 0.263125 0.17333333333333334 0.021875 0.02125
0 0.40375 0.31416666666666665 0.02125 0.021875
0 0.29875 0.5041666666666667 0.02125 0.021875
0 0.473125 0.5958333333333333 0.023125 0.020625
0 0.789375 0.26416666666666666 0.023125 0.020625
0 0.758125 0.4525 0.023125 0.020625
0 0.649375 0.2675 0.023125 0.020625
0 0.543125 0.3575 0.023125 0.020625
