0 0.155 0.26666666666666666 0.025 0.02625
0 0.59375 0.5333333333333333 0.025 0.02625
0 0.28875 0.3525 0.0275 0.029375
0 0.119375 0.6291666666666667 0.021875 0.021875
0 0.764375 0.805 0.034375 0.03125
0 0.560625 0.3541666666666667 0.021875 0.021875
0 0.460625 0.7141666666666666 0.021875 0.021875
0 0.800625 0.44416666666666665 0.021875 0.021875
0 0.830625 0.2608333333333333 0.021875 0.021875
0 0.696875 0.08083333333333333 0.021875 0.021875
0 0.525625 0.1275 0.021875 0.021875
0 0.393125 0.2175 0.021875 0.021875
0 0.423125 0.3975 0.021875 0.021875
0 0.088125 0.8075 0.021875 0.021875
0 0.285 0.7658333333333334 0.0275 0.023125
0 0.62875 0.21916666666666668 0.0275 0.023125
0 0.6975 0.3525 0.0275 0.023125
0 0.59375 0.7625 0.0275 0.023125
0 0.3575 0.6225 0.0275 0.023125
