0 0.178125 0.7308333333333333 0.026875 0.025625
0 0.393125 0.3858333333333333 0.026875 0.025625
0 0.543125 0.38916666666666666 0.026875 0.025625
0 0.324375 0.7808333333333334 0.026875 0.025625
0 0.285625 0.2425 0.021875 0.021875
0 0.726875 0.5375 0.021875 0.021875
0 0.32125 0.5858333333333333 0.0225 0.019375
0 0.8375 0.7808333333333334 0.0225 0.019375
0 0.68875 0.2941666666666667 0.0225 0.019375
0 0.87125 0.19416666666666665 0.0225 0.019375
0 0.83625 0.3925 0.0225 0.019375
0 0.61375 0.7325 0.0225 0.019375
0 0.46625 0.5825 0.0225 0.019375
0 0.46875 0.24083333333333334 0.0225 0.019375
0 0.618125 0.1475 0.023125 0.021875
