0 0.18261964735516373 0.2982142857142857 0.021410579345088162 0.021410579345088162
0 0.6076826196473551 0.6267857142857143 0.028337531486146095 0.027707808564231738
0 0.1473551637279597 0.5723214285714285 0.02392947103274559 0.02455919395465995
0 0.6372795969773299 0.4419642857142857 0.02392947103274559 0.02455919395465995
0 0.2770780856423174 0.71875 0.02392947103274559 0.02455919395465995
0 0.4445843828715365 0.3919642857142857 0.02392947103274559 0.02455919395465995
0 0.2783375314861461 0.11517857142857142 0.02392947103274559 0.02455919395465995
0 0.3438287153652393 0.5767857142857142 0.021410579345088162 0.020151133501259445
0 0.836272040302267 0.25 0.021410579345088162 0.020151133501259445
0 0.7732997481108312 0.39285714285714285 0.021410579345088162 0.020151133501259445
0 0.8702770780856424 0.4857142857142857 0.021410579345088162 0.020151133501259445
0 0.739294710327456 0.7642857142857142 0.021410579345088162 0.020151133501259445
0 0.4760705289672544 0.5785714285714286 0.021410579345088162 0.020151133501259445
0 0.6738035264483627 0.25 0.021410579345088162 0.020151133501259445
0 0.5403022670025189 0.30178571428571427 0.021410579345088162 0.020151133501259445
0 0.4433249370277078 0.20535714285714285 0.021410579345088162 0.020151133501259445
0 0.5428211586901763 0.11428571428571428 0.021410579345088162 0.020151133501259445
0 0.3123425692695214 0.30089285714285713 0.021410579345088162 0.02204030226700252
