0 0.05982367758186398 0.6410714285714286 0.02204030226700252 0.017632241813602016
0 0.2336272040302267 0.3517857142857143 0.02204030226700252 0.017632241813602016
0 0.6095717884130982 0.6375 0.02392947103274559 0.02392947103274559
0 0.17821158690176322 0.14732142857142858 0.020780856423173802 0.02204030226700252
0 0.14798488664987405 0.2714285714285714 0.02204030226700252 0.020151133501259445
0 0.32052896725440805 0.18928571428571428 0.02204030226700252 0.020151133501259445
0 0.4628463476070529 0.43214285714285716 0.02204030226700252 0.020151133501259445
0 0.20340050377833754 0.5982142857142857 0.02204030226700252 0.020151133501259445
0 0.31926952141057935 0.7232142857142857 0.02204030226700252 0.020151133501259445
0 0.3501259445843829 0.35535714285714287 0.028967254408060455 0.02644836272040302
0 0.4672544080604534 0.27232142857142855 0.022670025188916875 0.01952141057934509
0 0.6662468513853904 0.31160714285714286 0.022670025188916875 0.01952141057934509
0 0.552896725440806 0.35267857142857145 0.022670025188916875 0.01952141057934509
0 0.5516372795969773 0.19017857142857142 0.022670025188916875 0.01952141057934509
0 0.3778337531486146 0.5955357142857143 0.022670025188916875 0.01952141057934509
0 0.49370277078085645 0.5973214285714286 0.022670025188916875 0.01952141057934509
0 0.72544080604534 0.7633928571428571 0.022670025188916875 0.01952141057934509
0 0.8690176322418136 0.8026785714285715 0.022670025188916875 0.01952141057934509
0 0.8413098236775819 0.5169642857142858 0.022670025188916875 0.01952141057934509
0 0.7544080604534005 0.43839285714285714 0.022670025188916875 0.01952141057934509
0 0.8123425692695214 0.3098214285714286 0.022670025188916875 0.01952141057934509
0 0.6964735516372796 0.10446428571428572 0.022670025188916875 0.02204030226700252
0 0.6366498740554156 0.4732142857142857 0.02204030226700252 0.020151133501259445
