0 0.12090680100755667 0.07767857142857143 0.04030226700251889 0.05178571428571429
0 0.5780856423173804 0.7991071428571429 0.04030226700251889 0.05178571428571429
0 0.7040302267002518 0.47410714285714284 0.04030226700251889 0.05178571428571429
0 0.8790931989924433 0.6169642857142857 0.04030226700251889 0.05178571428571429
0 0.8816120906801007 0.47767857142857145 0.04030226700251889 0.05178571428571429
0 0.8816120906801007 0.33125 0.04030226700251889 0.05178571428571429
0 0.7795969773299748 0.22053571428571428 0.04030226700251889 0.05178571428571429
0 0.6788413098236776 0.3294642857142857 0.04030226700251889 0.05178571428571429
0 0.4256926952141058 0.3669642857142857 0.04030226700251889 0.05178571428571429
0 0.47858942065491183 0.47410714285714284 0.04030226700251889 0.05178571428571429
0 0.2216624685138539 0.7258928571428571 0.04030226700251889 0.05178571428571429
0 0.27455919395465994 0.6151785714285715 0.04030226700251889 0.05178571428571429
0 0.12216624685138538 0.6133928571428572 0.04030226700251889 0.05178571428571429
0 0.14609571788413098 0.47410714285714284 0.04030226700251889 0.05178571428571429
0 0.07304785894206549 0.40089285714285716 0.04030226700251889 0.05178571428571429
0 0.4748110831234257 0.22410714285714287 0.04030226700251889 0.05178571428571429
0 0.29848866498740556 0.11160714285714286 0.04030226700251889 0.05178571428571429
0 0.09949622166246852 0.25625 0.042821158690176324 0.048214285714285716
0 0.2008816120906801 0.22321428571428573 0.04408060453400504 0.05357142857142857
0 0.603904282115869 0.18214285714285713 0.04408060453400504 0.060714285714285714
0 0.7059193954659949 0.07321428571428572 0.041561712846347604 0.060714285714285714
0 0.32682619647355166 0.29196428571428573 0.041561712846347604 0.048214285714285716
0 0.8041561712846348 0.40089285714285716 0.041561712846347604 0.048214285714285716
0 0.2978589420654912 0.4705357142857143 0.041561712846347604 0.048214285714285716
0 0.5761964735516373 0.4035714285714286 0.041561712846347604 0.060714285714285714
0 0.8054156171284634 0.5428571428571428 0.041561712846347604 0.060714285714285714
0 0.7046599496221663 0.6821428571428572 0.041561712846347604 0.060714285714285714
0 0.5749370277078085 0.5875 0.041561712846347604 0.060714285714285714
0 0.4527707808564232 0.6875 0.041561712846347604 0.060714285714285714
0 0.3721662468513854 0.7946428571428571 0.041561712846347604 0.060714285714285714
0 0.8828715365239295 0.79375 0.04030226700251889 0.048214285714285716
