0 0.4748110831234257 0.09821428571428571 0.027707808564231738 0.02644836272040302
0 0.2965994962216625 0.14910714285714285 0.02204030226700252 0.023299748110831235
0 0.8545340050377834 0.4973214285714286 0.02204030226700252 0.023299748110831235
0 0.8570528967254408 0.29910714285714285 0.02204030226700252 0.023299748110831235
0 0.714735516372796 0.14732142857142858 0.02204030226700252 0.023299748110831235
0 0.6114609571788413 0.5026785714285714 0.02204030226700252 0.023299748110831235
0 0.5761964735516373 0.30089285714285713 0.02204030226700252 0.023299748110831235
0 0.2991183879093199 0.49375 0.02204030226700252 0.023299748110831235
0 0.22732997481108314 0.3508928571428571 0.02204030226700252 0.023299748110831235
0 0.09005037783375315 0.24910714285714286 0.02204030226700252 0.02204030226700252
0 0.7487405541561712 0.39553571428571427 0.02204030226700252 0.02204030226700252
0 0.4363979848866499 0.3991071428571429 0.023299748110831235 0.01952141057934509
0 0.43702770780856426 0.6410714285714286 0.02392947103274559 0.021410579345088162
0 0.26385390428211586 0.7901785714285714 0.023299748110831235 0.01952141057934509
0 0.7531486146095718 0.5910714285714286 0.02392947103274559 0.021410579345088162
0 0.610831234256927 0.7892857142857143 0.02392947103274559 0.021410579345088162
