0 0.06625 0.1775 0.045 0.058333333333333334
0 0.36875 0.7708333333333334 0.045 0.058333333333333334
0 0.235 0.7225 0.045 0.058333333333333334
0 0.13125 0.8125 0.045 0.058333333333333334
0 0.575 0.4075 0.045 0.058333333333333334
0 0.43625 0.4075 0.045 0.058333333333333334
0 0.16625 0.08833333333333333 0.045 0.05333333333333334
0 0.37125 0.5883333333333334 0.045 0.05333333333333334
0 0.50625 0.5883333333333334 0.045 0.05333333333333334
0 0.645 0.7233333333333334 0.045 0.05333333333333334
0 0.84875 0.77 0.045 0.05333333333333334
0 0.8475 0.4033333333333333 0.045 0.05333333333333334
0 0.88 0.22666666666666666 0.045 0.05333333333333334
0 0.7125 0.315 0.045 0.05333333333333334
0 0.505 0.2683333333333333 0.045 0.05333333333333334
0 0.34 0.2725 0.0425 0.058333333333333334
0 0.74625 0.5425 0.0425 0.058333333333333334
0 0.643125 0.17916666666666667 0.04375 0.06166666666666667
