0 0.706875 0.315 0.028125 0.0275
0 0.669375 0.115 0.028125 0.0275
0 0.478125 0.61 0.028125 0.0275
0 0.369375 0.7066666666666667 0.028125 0.0275
0 0.145625 0.6633333333333333 0.028125 0.0275
0 0.218125 0.31333333333333335 0.028125 0.0275
0 0.066875 0.415 0.028125 0.0275
0 0.29625 0.16333333333333333 0.0275 0.02625
0 0.409375 0.215 0.025625 0.02625
0 0.330625 0.41333333333333333 0.025625 0.02625
0 0.4825 0.3591666666666667 0.03375 0.033125
0 0.7825 0.8125 0.03375 0.033125
0 0.5925 0.7091666666666666 0.03375 0.033125
0 0.555 0.2175 0.03375 0.033125
0 0.065625 0.16333333333333333 0.028125 0.0275
