0 0.153125 0.7741666666666667 0.028125 0.026875
0 0.820625 0.7708333333333334 0.028125 0.026875
0 0.520625 0.6741666666666667 0.028125 0.026875
0 0.671875 0.6241666666666666 0.028125 0.026875
0 0.635625 0.2825 0.028125 0.026875
0 0.483125 0.3275 0.028125 0.026875
0 0.414375 0.18583333333333332 0.028125 0.026875
0 0.191875 0.4766666666666667 0.030625 0.03
0 0.739375 0.37833333333333335 0.030625 0.03
0 0.410625 0.485 0.030625 0.03
0 0.301875 0.6783333333333333 0.030625 0.03
0 0.816875 0.53 0.030625 0.03
0 0.154375 0.2808333333333333 0.026875 0.025625
0 0.559375 0.48083333333333333 0.026875 0.025625
