0 0.443125 0.09416666666666666 0.019375 0.020625
0 0.271875 0.1825 0.019375 0.020625
0 0.809375 0.7625 0.019375 0.020625
0 0.843125 0.5408333333333334 0.019375 0.020625
0 0.675625 0.6308333333333334 0.019375 0.020625
0 0.575625 0.7225 0.019375 0.020625
0 0.339375 0.6775 0.019375 0.020625
0 0.205625 0.7158333333333333 0.019375 0.020625
0 0.608125 0.49416666666666664 0.019375 0.020625
0 0.674375 0.6291666666666667 0.019375 0.020625
0 0.14125 0.22833333333333333 0.02125 0.02
0 0.1725 0.3591666666666667 0.02625 0.023125
0 0.40625 0.32083333333333336 0.0175 0.020625
0 0.30625 0.49416666666666664 0.0175 0.020625
0 0.638125 0.2733333333333333 0.021875 0.0225
0 0.438125 0.8066666666666666 0.021875 0.0225
0 0.473125 0.5816666666666667 0.021875 0.0225
0 0.538125 0.365 0.021875 0.0225
0 0.740625 0.4483333333333333 0.021875 0.0225
0 0.771875 0.27 0.021875 0.0225
