0 0.27455919395465994 0.24375 0.027707808564231738 0.02455919395465995
0 0.42065491183879095 0.1357142857142857 0.02644836272040302 0.02644836272040302
0 0.7531486146095718 0.7642857142857142 0.02644836272040302 0.02644836272040302
0 0.45465994962216627 0.5571428571428572 0.02644836272040302 0.02644836272040302
0 0.30856423173803527 0.5535714285714286 0.02644836272040302 0.02644836272040302
0 0.7884130982367759 0.35 0.02644836272040302 0.02644836272040302
0 0.8614609571788413 0.18928571428571428 0.02644836272040302 0.02644836272040302
0 0.6775818639798489 0.19107142857142856 0.02644836272040302 0.02644836272040302
0 0.5289672544080605 0.2392857142857143 0.02644836272040302 0.02644836272040302
0 0.08753148614609572 0.5544642857142857 0.028337531486146095 0.025818639798488665
0 0.639168765743073 0.40089285714285716 0.028337531486146095 0.025818639798488665
0 0.41876574307304787 0.3508928571428571 0.028337531486146095 0.025818639798488665
0 0.23614609571788414 0.7133928571428572 0.028337531486146095 0.025818639798488665
0 0.6045340050377834 0.6071428571428571 0.028967254408060455 0.030226700251889168
