0 0.1341309823677582 0.8053571428571429 0.031486146095717885 0.04642857142857143
0 0.6316120906801007 0.6803571428571429 0.031486146095717885 0.04642857142857143
0 0.8369017632241813 0.6785714285714286 0.031486146095717885 0.04642857142857143
0 0.36838790931989923 0.7625 0.031486146095717885 0.04642857142857143
0 0.8369017632241813 0.2625 0.031486146095717885 0.04642857142857143
0 0.7197732997481109 0.2642857142857143 0.031486146095717885 0.04642857142857143
0 0.6328715365239295 0.18214285714285713 0.031486146095717885 0.04642857142857143
0 0.5434508816120907 0.2642857142857143 0.031486146095717885 0.04642857142857143
0 0.5447103274559194 0.4303571428571429 0.031486146095717885 0.04642857142857143
0 0.4552896725440806 0.6392857142857142 0.031486146095717885 0.04642857142857143
0 0.1341309823677582 0.3892857142857143 0.031486146095717885 0.04642857142857143
0 0.22229219143576825 0.225 0.031486146095717885 0.04642857142857143
0 0.07493702770780857 0.26339285714285715 0.036523929471032744 0.048214285714285716
0 0.5447103274559194 0.7616071428571428 0.036523929471032744 0.048214285714285716
0 0.7197732997481109 0.8044642857142857 0.036523929471032744 0.048214285714285716
0 0.3394206549118388 0.5955357142857143 0.036523929471032744 0.048214285714285716
0 0.16435768261964737 0.5973214285714286 0.036523929471032744 0.048214285714285716
0 0.044710327455919394 0.5973214285714286 0.036523929471032744 0.048214285714285716
0 0.2512594458438287 0.4294642857142857 0.03400503778337532 0.05178571428571429
0 0.7185138539042821 0.5544642857142857 0.03400503778337532 0.05178571428571429
0 0.45654911838790935 0.38839285714285715 0.03400503778337532 0.05178571428571429
0 0.6605793450881612 0.38839285714285715 0.03400503778337532 0.05178571428571429
