0 0.07875 0.23666666666666666 0.02375 0.0225
0 0.845 0.35333333333333333 0.02375 0.0225
0 0.6925 0.435 0.02375 0.0225
0 0.6 0.3566666666666667 0.02375 0.0225
0 0.57 0.19 0.02375 0.0225
0 0.69375 0.065 0.02375 0.0225
0 0.41375 0.6033333333333334 0.02375 0.0225
0 0.32375 0.685 0.02375 0.0225
0 0.23 0.5616666666666666 0.02375 0.0225
0 0.135 0.645 0.02375 0.0225
0 0.07875 0.43666666666666665 0.02375 0.0225
0 0.20125 0.36 0.02375 0.0225
0 0.26375 0.23333333333333334 0.025 0.0225
0 0.29625 0.44083333333333335 0.025 0.021875
0 0.4125 0.4041666666666667 0.025 0.021875
0 0.3575 0.2758333333333333 0.025 0.021875
0 0.476875 0.27416666666666667 0.025625 0.024375
0 0.505625 0.6791666666666667 0.025625 0.024375
0 0.784375 0.6908333333333333 0.025625 0.024375
0 0.661875 0.7691666666666667 0.025625 0.024375
0 0.783125 0.5208333333333334 0.025625 0.024375
0 0.689375 0.2675 0.025625 0.024375
0 0.51 0.43916666666666665 0.025 0.021875
