0 0.1625 0.1575 0.0525 0.07166666666666667
0 0.53625 0.7125 0.0525 0.07166666666666667
0 0.0775 0.7658333333333334 0.0525 0.07166666666666667
0 0.16 0.5458333333333333 0.0525 0.07166666666666667
0 0.0775 0.32416666666666666 0.0525 0.07166666666666667
0 0.245 0.31916666666666665 0.0525 0.07166666666666667
0 0.328125 0.16083333333333333 0.05875 0.07166666666666667
0 0.491875 0.21333333333333335 0.06625 0.09333333333333334
0 0.241875 0.77 0.06625 0.09333333333333334
0 0.700625 0.105 0.06625 0.09333333333333334
0 0.365625 0.4866666666666667 0.06625 0.09333333333333334
0 0.535 0.435 0.055 0.07333333333333333
