0 0.0725 0.18416666666666667 0.05 0.065
0 0.46125 0.6091666666666666 0.05 0.065
0 0.35375 0.7058333333333333 0.05 0.065
0 0.14375 0.6575 0.05 0.065
0 0.25 0.5625 0.05 0.065
0 0.675 0.3258333333333333 0.05 0.065
0 0.63625 0.1375 0.05 0.065
0 0.21125 0.32416666666666666 0.05 0.065
0 0.07125 0.4175 0.05 0.065
0 0.285625 0.185 0.04375 0.06666666666666667
0 0.39 0.2325 0.045 0.06166666666666667
0 0.32 0.42083333333333334 0.045 0.06166666666666667
0 0.743125 0.7975 0.05375 0.06833333333333333
0 0.779375 0.22916666666666666 0.05375 0.06833333333333333
0 0.533125 0.22916666666666666 0.05375 0.06833333333333333
0 0.461875 0.36916666666666664 0.05375 0.06833333333333333
0 0.565625 0.7008333333333333 0.05375 0.06833333333333333
