0 0.245625 0.6025 0.025625 0.025625
0 0.1725 0.7508333333333334 0.03 0.025625
0 0.8675 0.2075 0.03 0.025625
0 0.6125 0.30416666666666664 0.03 0.025625
0 0.46625 0.20916666666666667 0.03 0.025625
0 0.35625 0.7008333333333333 0.03 0.025625
0 0.136875 0.16333333333333333 0.024375 0.025
0 0.834375 0.7 0.024375 0.025
0 0.869375 0.405 0.024375 0.025
0 0.721875 0.56 0.024375 0.025
0 0.759375 0.30666666666666664 0.024375 0.025
0 0.428125 0.405 0.024375 0.025
0 0.279375 0.405 0.024375 0.025
0 0.32125 0.21083333333333334 0.025 0.024375
0 0.575 0.5041666666666667 0.025 0.024375
0 0.503125 0.6541666666666667 0.024375 0.025625
