0 0.099375 0.3441666666666667 0.026875 0.026875
0 0.631875 0.2525 0.026875 0.026875
0 0.698125 0.37583333333333335 0.026875 0.026875
0 0.603125 0.7575 0.026875 0.026875
0 0.318125 0.7591666666666667 0.026875 0.026875
0 0.378125 0.6341666666666667 0.026875 0.026875
0 0.19125 0.2975 0.02375 0.023125
0 0.6025 0.5508333333333333 0.02375 0.023125
0 0.413125 0.25833333333333336 0.021875 0.0225
0 0.7575 0.8 0.0275 0.0275
0 0.125625 0.805 0.021875 0.0225
0 0.156875 0.6316666666666667 0.021875 0.0225
0 0.254375 0.55 0.021875 0.0225
0 0.478125 0.7183333333333334 0.021875 0.0225
0 0.445625 0.4266666666666667 0.021875 0.0225
0 0.793125 0.465 0.021875 0.0225
0 0.824375 0.295 0.021875 0.0225
0 0.699375 0.12666666666666668 0.021875 0.0225
0 0.538125 0.16666666666666666 0.021875 0.0225
0 0.31625 0.37916666666666665 0.025 0.024375
0 0.565625 0.38166666666666665 0.021875 0.0225
