0 0.146875 0.6283333333333333 0.05125 0.06333333333333334
0 0.778125 0.715 0.05125 0.06333333333333334
0 0.870625 0.585 0.05125 0.06333333333333334
0 0.804375 0.4583333333333333 0.05125 0.06333333333333334
0 0.461875 0.29333333333333333 0.05125 0.06333333333333334
0 0.709375 0.38 0.05125 0.06333333333333334
0 0.555625 0.7883333333333333 0.05125 0.06333333333333334
0 0.490625 0.5833333333333334 0.05125 0.06333333333333334
0 0.268125 0.7533333333333333 0.05125 0.06333333333333334
0 0.521875 0.165 0.05125 0.06333333333333334
0 0.395625 0.16833333333333333 0.05125 0.06333333333333334
0 0.176875 0.12333333333333334 0.05125 0.06333333333333334
0 0.2725 0.3333333333333333 0.0525 0.06666666666666667
0 0.615 0.4633333333333333 0.0525 0.06666666666666667
0 0.3675 0.37333333333333335 0.0575 0.07666666666666666
0 0.80875 0.3016666666666667 0.0575 0.07666666666666666
0 0.61625 0.67 0.0575 0.07666666666666666
0 0.42625 0.7083333333333334 0.0575 0.07666666666666666
0 0.145 0.795 0.0575 0.07666666666666666
0 0.335 0.6216666666666667 0.0575 0.07666666666666666
0 0.650625 0.25333333333333335 0.04625 0.06
