0 0.10642317380352645 0.19553571428571428 0.018261964735516372 0.015743073047858942
0 0.8772040302267002 0.7598214285714285 0.018261964735516372 0.015743073047858942
0 0.533375314861461 0.45803571428571427 0.018261964735516372 0.015743073047858942
0 0.5585642317380353 0.6080357142857142 0.018261964735516372 0.015743073047858942
0 0.26511335012594456 0.6098214285714286 0.018261964735516372 0.015743073047858942
0 0.7185138539042821 0.3080357142857143 0.018261964735516372 0.015743073047858942
0 0.639168765743073 0.38125 0.018261964735516372 0.015743073047858942
0 0.23992443324937027 0.7625 0.018261964735516372 0.013853904282115869
0 0.904911838790932 0.15535714285714286 0.018261964735516372 0.013853904282115869
0 0.8772040302267002 0.42142857142857143 0.018261964735516372 0.013853904282115869
0 0.825566750629723 0.30714285714285716 0.018261964735516372 0.013853904282115869
0 0.4250629722921914 0.23392857142857143 0.018261964735516372 0.013853904282115869
0 0.10768261964735516 0.6839285714285714 0.018261964735516372 0.013853904282115869
0 0.23992443324937027 0.15714285714285714 0.018261964735516372 0.013853904282115869
0 0.3986146095717884 0.42142857142857143 0.018261964735516372 0.013853904282115869
0 0.6920654911838791 0.6857142857142857 0.018261964735516372 0.013853904282115869
0 0.5875314861460957 0.7982142857142858 0.018261964735516372 0.013853904282115869
0 0.4804785894206549 0.6857142857142857 0.018261964735516372 0.013853904282115869
0 0.3734256926952141 0.7232142857142857 0.018261964735516372 0.013853904282115869
0 0.8268261964735516 0.5357142857142857 0.018261964735516372 0.013853904282115869
0 0.5056675062972292 0.30892857142857144 0.018261964735516372 0.013853904282115869
0 0.7191435768261965 0.49642857142857144 0.015113350125944584 0.015113350125944584
0 0.26700251889168763 0.45714285714285713 0.015113350125944584 0.015113350125944584
0 0.34634760705289674 0.30892857142857144 0.015113350125944584 0.015113350125944584
0 0.23929471032745592 0.3098214285714286 0.0163727959697733 0.01700251889168766
0 0.6120906801007556 0.19732142857142856 0.015113350125944584 0.014483627204030227
0 0.7449622166246851 0.12053571428571429 0.01700251889168766 0.01700251889168766
